company_name <- c("HDFC Life insurance Co lTd", "Bajaj Finserv Ltd", "Kotak Mahindra Bank ltd", "Bajaj finance Ltd", "Axis Bank Ltd","HCL technologies Ltd","Induslnd Bank Ltd","Ultratech cement Ltd","Wipro Ltd","Infosys Ltd","Grasim Industries Ltd","Maruti Suzuki India Ltd","Cipla Ltd","JSW Steel Ltd","NTPC Ltd","ICICI Bank Ltd","Hindustan Uniliver Ltd","Asian paints Ltd","Power Grid Corporation of India Ltd stock","ITC Ltd","HDFC Bank Ltd","Hero MotorCorp Ltd","Housing Development finance Ltd","Reliance Industries Ltd","Britannia Industries Ltd ","Oil & Natural Gas corporation","Mahindra & Mahindra Ltd","SBI Life insurance company","Tata Consultancy Service","UPL Ltd","Titan Company Ltd","Bharat Petroleum Corporation","State Bank OF India","Bharti Airtel Ltd","Tata Consumer products Ltd","Adani Ports and Special Economic Zone Ltd","Tata Motors Ltd","Bajaj Auto Ltd","Divis Laboratories Ltd","Larsen & Toubro Ltd","Nestle India Ltd","Coal India Ltd","Dr.Reddy Laboratories Ltd","Apollo Hospital Enterprieses","Sun Pharmaceutical Industries Ltd","Eicher Motors Ltd","Tata Steel Ltd","Tech Mahindra Ltd","Adani Enterprises Ltd","Hindalco Industries Ltd")
CMP<- c("585.5","1,465","1,974","7,003","937.6","1,136","1,295","7,900","402.5","1,323","1,724","9,381","959.9","704.7","176.7","950.2","2,656","3,144","235.1","449.8","1,637","2,780","2,693","2,519","4,572","158.8","1,328","1,216","3,315","688.9","2,802","360.4","592.9","818.2","790.7","734.3","518.8","4,592","3,459","2,210","21,573","244.3","4,521","4,603","959.2","3,677","107.2","1,099","2,495","413.1")
Price_Change <- c("1.10%","1.08%","1.06%","1.02%","0.90%","0.84%","0.79%","0.77%","0.73%","0.65%","0.59%","0.50%","0.44%","0.38%","0.37%","0.25%","0.24%","0.23%","0.14%","0.13%","0.10%","0..08%","-0.02%","-0.03%","-0.06%","-0.09%","-0.11%","-0.14%","-0.15%","-0.29%","0.30%","0.35%","-0.37%","-0.39%","-0.43%","-0.47%","-0.56%","-0.56%","-0.57%","-0.61%","-0.68%","-0.73%","-0.81%","-0.92%","-0.92%","-0.94%","-1.15%","-1.27%","-1.51%","-1.61%")
Market_Cap <- c("1,24,486","2,30,902","3,87,966","4,19,702","2,86,085","3,05,613","99,679","2,26,307","2,19,334","5,45,418","1,12,832","2,81,960","77,142","1,69,701","1,70,710","6,62,720","6,22,665","3,00,833","1,63,609","5,58,142","9,13,555","55,492","4,96,347","17,04,924","1,10,153","1,99,901","1,65,321","1,21,815","12,14,604","51,784","2,49,472","78,429","5,30,970","4,90,174","73,745","1,59,299","1,73,129","1,30,667","92,353","3,12,585","2,09,424","1,51,696","75,903","66,804","2,32,280","1,01,588","1,32,481","1,08,470","2,88,831","94,360")
Week_High <- c("620.7","1,846","1,997","7,777","970.5","1,157","1,295","7,909","488.0","1,672","1,839","9,769","1,185","783.4","182.8","958.0","2,741","3,590","249.4","451.8","1,734","2,939","2,867","2,816","4,706","168.9","1,396","1,340","3,575","807.0","2,820","374.9","629.6","877.1","861.4","987.9","537.1","4,664","3,977","2,416","22,296","263.3","4,987","4,900","1,072","3,886","124.3","1,197","4,190","504.0")
Week_Low <- c("457.9","1,078","1,630","5,236","618.1","875.6","763.8","5,158","351.9","1,215","1,277","7,558","852.0","525.8","135.0","670.4","2,100","2,560","186.3","258.1","1,272","2,247","2,027","2,180","3,272","119.8","957.5","1,039","2,926","607.8","1,827","288.2","430.8","629.0","685.0","394.9","375.5","3,462","2,730","1,457","16,433","174.6","3,996","3,528","789.8","2,585","82.71","944.1","1,017","309.0" )
ROE <- c("0.00","22.03","12.68","16.43","12.03","21.77","10.20","15.00","15.38","31.58","10.09","7.34","13.02","29.08","12.07","14.99","18.21","22.65","20.38","24.69","16.70","15.41","12.71","7.86","49.87","18.34","12.39","0.00","46.87","17.99","26.21","17.94","13.01","-2.84","7.99","16.22","-23.85","19.21","27.91","11.22","108.73","43.62","10.72","10.22","13.93","13.90","30.44","19.06","18.64","20.92")
E <- c("91.53","35.98","35.98","40.79","29.86","20.58","13.49","44.69","19.32","22.64","16.51","34.31","27.53","34.37","9.60","20.78","61.51","73.33","73.33","29.76","19.86","19.07","30.56","25.56","47.48","5.15","25.25","70.80","28.82","14.51","74.85","41.94","10.57","0.00","77.62","31.30","71.71","21.52","50.65","39.83","82.18","5.38","16.85","66.36","27.41","34.83","8.55","22.45","177.99","9.35")
BV <-c("9.60","4.98","4.68","8.15","2.29","4.67","1.84","4.17","2.83","7.32","1.43","4.56","3.30","2.67","1.23","3.37","12.37","18.83","1.98","8.26","3.16","3.32","3.70","2.08","31.19","0.78","3.81","9.43","13.44","1.93","20.80","1.51","1.77","6.19","5.79","3.56","3.83","4.44","7.23","4.37","65.53","2.65","3.26","9.85","4.25","6.77","0.98","3.88","20.73","1.00")
EBITDA <- c("86.62","13.04","26.80","22.86","11.77","12.38","9.16","21.23","11.78","14.10","7.25","21.23","13.82","12.08","7.19","14.46","42.21","45.25","7.40","21.01","13.41","12.15","17.68","12.51","36.90","2.60","12.95","62.24","19.19","6.70","50.07","7.78","8.35","12.78","48.95","17.71","7.45","17.00","33.01","24.49","51.97","2.90","10.38","39.74","18.61","24.49","5.22","12.11","94.94","5.96")
Y_Sales_Gr <- c("0.00","22.79","15.66","22.86","12.86","12.48","19.86","15.69","10.68","15.79","21.55","5.34","8.62","17.84","8.17","16.91","9.60","13.92","9.20","7.04","17.03","0.52","7.69","18.04","9.32","7.26","5.45","0.00","12.86","23.17","16.11","12.37","14.31","2.55","21.56","13.55","0.64","8.77","17.31","8.97","11.04","-1.62","8.70","-0.65","4.31","7.92","21.87","8.91","25.56","14.25")               
Y_Profit_Gr <- c("5.10","15.04","18.33","25.67","22.53","10.57","4.42","20.30","8.95","9.53","9.67","-12.08","22.70","16.51","10.21","17.03","13.68","9.64","14.82","7.99","18.14","-6.18","10.10","14.21","11.35","18.35","7.86","9.52","11.93","16.57","21.46","1.50","21.97","-198.53","7.85","8.05","-201.23","6.09","21.96","8.20","14.28","13.52","8.70","14.27","-0.26","-0.16","50.47","15.30","26.00","47.76")
data <- data.frame(company_name,CMP, Price_Change,Market_Cap,Week_High,Week_Low,ROE,E,BV,EBITDA,Y_Sales_Gr,Y_Profit_Gr )
print(data)

