data <- c("Sales","YoY Gr.Rt.","Adj EPS","YoY Gr.Rt.","BVPS","Adj Net Profit","Cash Flow from Ops.","Debt/CF from Ops","Return on Equity","Op. Profit Mgn","Net Profit Mgn","Debt to Equity","Working Cap Days","Cash Conv. Cycle")
june_13 <- c("25,581","-","14.3","-","46.4","3,992","4,492","0.2","34.7","22.2","15.6","0.1","162","52")
june_14 <- c("32,144","25.7%","23.1","61%","69.1","6,466","6,457","0.2","39.5","25.1","20.1","0.1","162","51")
june_15 <- c("36,701","14.2%","25.4","10%","85.7","7,140","5,539","0.1","32.6","32.1","19.4","0","181","52")
march_16 <- c("41,515","13.1%","25.8","1.7%","129.3","7,280","5,097","0.3","21.2","21.4","17.5","0","222","72")
march_17 <- c("47,568","14.6%","29.6","14.6%","115.5","8,439","8,995","0.1","28","21.8","17.7","0","135","53")
march_18 <- c("50,569","6.3%","29.5","-0.4%","130.8","8,204","8,328","0.1","23.7","22.2","16.2","0","139","55")
march_19 <- c("60,427","19.5%","36.4","23.6%","152.6","9,879","8,971","0.5","25.4","23.1","16.4","0.1","131","53")
march_20 <- c("70,676","17%","40.5","11.3%","188.8","11,000",'13,359',"0.4","23.8","24.5","15.6","0.1","138","56")
march_21 <- c("75,379","6.7%","40.8","0.5%","220.7","11058","19,618","0.2","19.9","26.6","14.7","0.1","151","56")
march_22 <- c("85,651","13.6%","40.8","19.9%","277.7","13,262","16,900","0.2","21.8","24","15.5","0.1","140","49")
HCL_Technologies_Ltd_Stock_Analysis <- data.frame(data,june_13,june_14,june_15,march_16,march_17,march_18,march_19,march_20,march_21,march_22)


data <- c("Sales","YoY Gr.Rt.","Adj EPS","YoY Gr.Rt.","BVPS","Adj Net Profit","Cash Flow from Ops.","Debt/CF from Ops","Return on Equity","Op. Profit Mgn","Net Profit Mgn","Debt to Equity","Working Cap Days","Cash Conv. Cycle")
march_13 <- c("9,666","-","22.1","-","141.5","-","-","18.5","-","-","-","-","-","-")
march_14 <- c("11,952","23.6%","26.5","19.6%","162.7","-","-","17.4","-","-","-","-","-","-")
march_15 <- c("14,224","19%","31","17.3%","223.1","-","-","17.8","-","-","-","-","-","-")
march_16 <- c("16,833","18.3","34.5","11.2%","232.8","-","-","16.8","-","-","-","-","-","-")
march_17 <- c("18,093","7.5%","15.4","-55.5%","188.5","-","-","6.8","-","-","-","-","-","-")
march_18 <- c("18,618","2.9%","1.1","-93%","247.2","-","-","0.5","-","-","-","-","-","-")
march_19 <- c("21,708","16.6%","18.2","1600%","259.3","-","-","7.2","-","-","-","-","-","-")
march_20 <- c("25,206","16.2%","5.8","-68.3%","301.1","-",'-',"2.2","-","-","-","-","-","-")
march_21 <- c("29,239","16%","21.5","272.6%","331.6","-","-","7.1","-","-","-","-","-","-")
march_22 <- c("33,132","13%","42.4","97.4%","374.7","-","-","12","22","-","-","-","-","-")
Axis_Bank_Ltd_Stock_Analysis <- data.frame(data,march_13,march_14,march_15,march_16,march_17,march_18,march_19,march_20,march_21,march_22)

data <- c("Sales","YoY Gr.Rt.","Adj EPS","YoY Gr.Rt.","BVPS","Adj Net Profit","Cash Flow from Ops.","Debt/CF from Ops","Return on Equity","Op. Profit Mgn","Net Profit Mgn","Debt to Equity","Working Cap Days","Cash Conv. Cycle")
march_13 <- c("44,304","-","76.2","-","630.1","2,302","4,059","0.4","13.3","10.2","5.2","0.1","46","-12")
march_14 <- c("44,542","0.5%","90.7","19%","711.8","2,741","4,995","0.4","13.5","12.6","6.1","0.1","51","-18")
march_15 <- c("50,801","14.1%","112.8","24.4%","805.3","3,408","6,449","0.1","14.9","13.7","6.7","0","44","-19")
march_16 <- c("57,589","13.4%","187.4","66.1%","1,013.8","5,661","8,483","0","20.6","15.8","9.8","0","43","-24")
march_17 <- c("68,085","18.2%","249.2","33%","1,227.7","7,528","10,282","0.1","22.2","15.3","11.1","0","39","-28")
march_18 <- c("79,809","17.2%","264.2","6%","1,409.3","7,982","11,788","0","20.1","15.3","10","0","36","-31")
march_19 <- c("86,069","7.8%","258.6","-2.1%","1,559.3","7,811","6,601","0","17.4","13.1","9.1","0","36","-28")
march_20 <- c("75,660","-12.1%","185.6","-28.2%","1,636.2","5,606",'6,601',"0","11.6","9.7","7.4","0","41","-21")
march_21 <- c("70,372","-7%","145.6","-21.6%","1,738.4","4,397","8,856","0.1","8.6","7.7","6.3","0","44","-26")
march_22 <- c("88,330","25.5%","131","-10%","1,832.2","3,956","1,841","0.2","7.3","6.6","4.5","0","43","-25")
Maruti_Suzuki_India_Ltd_Stock_Analysis <- data.frame(data,march_13,march_14,march_15,march_16,march_17,march_18,march_19,march_20,march_21,march_22)


data <- c("Sales","YoY Gr.Rt.","Adj EPS","YoY Gr.Rt.","BVPS","Adj Net Profit","Cash Flow from Ops.","Debt/CF from Ops","Return on Equity","Op. Profit Mgn","Net Profit Mgn","Debt to Equity","Working Cap Days","Cash Conv. Cycle")
march_13 <- c("5,071","-","9.9","-","50.1","3.6","-","-","33.3","-","43.7","-","-","-")
march_14 <- c("6,022","18.8%","9.7","-1.9%","59.7","3.1","-","-","25.1","-","36.4","-","-","-")
march_15 <- c("7,587","26%","10.6","9.5%","69.4","3","-","-","23.4","-","31.8","-","-","-")
march_16 <- c("20,533","170.6%","11.7","10.3%","85.4","2.9","-","-","22.5","-","13.5","-","-","-")
march_17 <- c("24,507","19.4%","14.2","21.4","101.4","3","-","-","23.2","-","14.1","-","-","-")
march_18 <- c("32,862","34.1%","16.7","17.2%","128.4","2.9","-","-","22.8","-","12.7","-","-","-")
march_19 <- c("42,604","29.6%","20.2","21.5%","148.7","2.9","-","-","24.4","-","12.6","-","-","-")
march_20 <- c("54,833","28.7%","21.2","4.7%","195.8","2.6",'-',"-","21.9","-","10.9","-","-","-")
march_21 <- c("60,591","10.5%","28.1","32.7%","223.7","2.8","-","-","22.1","-","12.2","-","-","-")
march_22 <- c("68,406","12.9%","28.6","1.9%","250.5","2.7","-","-","22","-","12.2","-","-","-")
Bajaj_Finserv_Ltd_Stock_Analysis <- data.frame(data,march_13,march_14,march_15,march_16,march_17,march_18,march_19,march_20,march_21,march_22)


data <- c("Sales","YoY Gr.Rt.","Adj EPS","YoY Gr.Rt.","BVPS","Adj Net Profit","Cash Flow from Ops.","Debt/CF from Ops","Return on Equity","Op. Profit Mgn","Net Profit Mgn","Debt to Equity","Working Cap Days","Cash Conv. Cycle")
march_13 <- c("3,206","-","9.1","-","63.3","-","-","-","15.7","-","-","-","-","-")
march_14 <- c("3,720","16.1%","9.8","7%","79.7","-","-","-","13.8","-","-","-","-","-")
march_15 <- c("4,224","13.5%","12.1","23.9%","91.6","-","-","-","14.1","-","-","-","-","-")
march_16 <- c("6,900","63.4%","11.4","-5.7%","130.6","-","-","-","11","-","-","-","-","-")
march_17 <- c("8,126","17.8%","18.5","62.7","150","-","-","-","13.2","-","-","-","-","-")
march_18 <- c("9,532","17.6%","21.4","15.7%","196.7","-","-","-","12.6","-","-","-","-","-")
march_19 <- c("11,206","20.5%","25.5","19%","222,1","-","-","-","12.2","-","-","-","-","-")
march_20 <- c("13,500","13.6%","30.9","21.2%","253.6","-",'-',"-","13.1","-","-","-","-","-")
march_21 <- c("15,340","10.3%","34.9","13.2%","319","-","-","-","12.5","-","-","-","-","-")
march_22 <- c("16,818","9.6%","43","23%","326.6","-","-","-","12.7","-","-","-","-","-")
Kotak_Mahindra_Bank_Ltd_Stock_Analysis <- data.frame(data,march_13,march_14,march_15,march_16,march_17,march_18,march_19,march_20,march_21,march_22)


list1 <- list(HCL_Technologies_Ltd_Stock_Analysis,Axis_Bank_Ltd_Stock_Analysis,Maruti_Suzuki_India_Ltd_Stock_Analysis,Bajaj_Finserv_Ltd_Stock_Analysis,Kotak_Mahindra_Bank_Ltd_Stock_Analysis)
names(list1) <- c("HCL_Technologies_Ltd_Stock_Analysis","Axis_Bank_Ltd_Stock_Analysis","Maruti_Suzuki_India_Ltd_Stock_Analysis","Bajaj_Finserv_Ltd_Stock_Analysis","Kotak_Mahindra_Bank_Ltd_Stock_Analysis")
print(list1)